120 C-MOLL
F4 1 8 1
G4 1 8 1
A4 1 8 1
H4 1 8 0
C5 1 4 0
F5 1 8 1
E5 1 8 0
C5 1 4 0
F4 1 4 0
C5 1 8 1
H4 1 8 1
A4 1 8 1
G4 1 8 0
F4 1 8 1
G4 1 8 1
A4 1 8 1
H4 1 8 0
C5 1 4 0
H4 1 8 1
A4 1 8 0
G4 1 8 1
F4 1 8 1
G4 1 8 1
A4 1 8 0
G4 1 8 1
F4 1 8 1
EIS4 1 8 1
G4 1 8 0
F4 1 8 1
G4 1 8 1
A4 1 8 1
H4 1 8 0
C5 1 4 0
F5 1 8 1
E5 1 8 0
C5 1 4 0
F5 1 4 0
C5 1 8 1
H4 1 8 1
A4 1 8 1
G4 1 8 0
F4 1 8 1
G4 1 8 1
A4 1 8 1
H4 1 8 0
C5 1 4 0
H4 1 8 1
A4 1 8 0
G4 1 4 0
A4 1 4 0
H4 1 4 0
C5 1 4 0
F4 1 8 1
G4 1 8 1
A4 1 8 1
H4 1 8 0
C5 1 4 0
F5 1 8 1
E5 1 8 0
C5 1 4 0
F4 1 4 0
C5 1 8 1
H4 1 8 1
A4 1 8 1
G4 1 8 0
F4 1 8 1
G4 1 8 1
A4 1 8 1
H4 1 8 0
C5 1 4 0
H4 1 8 1
A4 1 8 0
G4 1 8 1
F4 1 8 1
G4 1 8 1
A4 1 8 0
G4 1 8 1
F4 1 8 1
EIS4 1 8 1
G4 1 8 0
F4 1 8 1
G4 1 8 1
A4 1 8 1
H4 1 8 0
C5 1 4 0
F5 1 8 1
E5 1 8 0
C5 1 4 0
F5 1 4 0
C5 1 8 1
H4 1 8 1
A4 1 8 1
G4 1 8 0
F4 1 8 1
G4 1 8 1
A4 1 8 1
H4 1 8 0
C5 1 4 0
H4 1 8 1
A4 1 8 0
G4 1 4 0
A4 1 4 0
H4 1 4 0
C5 1 4 0
E5 1 8 1
F5 1 8 1
C5 1 8 1
H4 1 8 0
C5 1 4 0
H4 1 8 1
C5 1 8 0
E5 1 8 1
F5 1 8 1
C5 1 8 1
H4 1 8 0
C5 1 4 0
H4 1 8 1
C5 1 8 0
H4 1 8 1
A4 1 8 1
G4 1 8 1
E4 1 8 0
F4 1 4 0
E4 1 8 1
F4 1 8 0
G4 1 8 1
A4 1 8 1
H4 1 8 1
C5 1 8 0
F4 1 4 0
C5 1 8 1
E5 1 8 0
E5 1 8 1
F5 1 8 1
C5 1 8 1
H4 1 8 0
C5 1 4 0
H4 1 8 1
C5 1 8 0
E5 1 8 1
F5 1 8 1
C5 1 8 1
H4 1 8 0
C5 1 4 0
H4 1 8 1
C5 1 8 0
H4 1 8 1
A4 1 8 1
G4 1 8 1
E4 1 8 0
F4 1 4 0
E4 1 8 1
F4 1 8 0
G4 1 8 1
A4 1 8 1
H4 1 8 1
C5 1 8 0
F4 1 4 0
C5 1 8 1
E5 1 8 0
E5 1 8 1
F5 1 8 1
C5 1 8 1
H4 1 8 0
C5 1 4 0
H4 1 8 1
C5 1 8 0
E5 1 8 1
F5 1 8 1
C5 1 8 1
H4 1 8 0
C5 1 4 0
H4 1 8 1
C5 1 8 0
H4 1 8 1
A4 1 8 1
G4 1 8 1
E4 1 8 0
F4 1 4 0
E4 1 8 1
F4 1 8 0
G4 1 8 1
A4 1 8 1
H4 1 8 1
C5 1 8 0
F4 1 4 0
C5 1 8 1
E5 1 8 0
E5 1 8 1
F5 1 8 1
C5 1 8 1
H4 1 8 0
C5 1 4 0
H4 1 8 1
C5 1 8 0
E5 1 8 1
F5 1 8 1
C5 1 8 1
H4 1 8 0
C5 1 4 0
H4 1 8 1
C5 1 8 0
A5 1 8 1
G5 1 8 1
F5 1 8 1
E5 1 8 0
C5 1 4 0
H4 1 8 1
C5 1 8 0
H4 1 8 1
A4 1 8 1
G4 1 8 1
E4 1 8 0
F4 1 4 0
C5 1 8 1
E5 1 8 0
E5 1 8 1
F5 1 8 1
C5 1 8 1
H4 1 8 0
C5 1 4 0
H4 1 8 1
C5 1 8 0
E5 1 8 1
F5 1 8 1
C5 1 8 1
H4 1 8 0
C5 1 4 0
H4 1 8 1
C5 1 8 0
H4 1 8 1
A4 1 8 1
G4 1 8 1
E4 1 8 0
F4 1 4 0
E4 1 8 1
F4 1 8 0
G4 1 8 1
A4 1 8 1
H4 1 8 1
C5 1 8 0
F4 1 4 0
C5 1 8 1
E5 1 8 0
E5 1 8 1
F5 1 8 1
C5 1 8 1
H4 1 8 0
C5 1 4 0
H4 1 8 1
C5 1 8 0
E5 1 8 1
F5 1 8 1
C5 1 8 1
H4 1 8 0
C5 1 4 0
H4 1 8 1
C5 1 8 0
H4 1 8 1
A4 1 8 1
G4 1 8 1
E4 1 8 0
F4 1 4 0
E4 1 8 1
F4 1 8 0
G4 1 8 1
A4 1 8 1
H4 1 8 1
C5 1 8 0
F4 1 4 0
C5 1 8 1
E5 1 8 0
E5 1 8 1
F5 1 8 1
C5 1 8 1
H4 1 8 0
C5 1 4 0
H4 1 8 1
C5 1 8 0
E5 1 8 1
F5 1 8 1
C5 1 8 1
H4 1 8 0
C5 1 4 0
H4 1 8 1
C5 1 8 0
H4 1 8 1
A4 1 8 1
G4 1 8 1
E4 1 8 0
F4 1 4 0
E4 1 8 1
F4 1 8 0
G4 1 8 1
A4 1 8 1
H4 1 8 1
C5 1 8 0
F4 1 4 0
C5 1 8 1
E5 1 8 0
E5 1 8 1
F5 1 8 1
C5 1 8 1
H4 1 8 0
C5 1 4 0
H4 1 8 1
C5 1 8 0
E5 1 8 1
F5 1 8 1
C5 1 8 1
H4 1 8 0
C5 1 4 0
F5 1 8 1
G5 1 8 0
A5 1 8 1
G5 1 8 1
F5 1 8 1
E5 1 8 0
C5 1 4 0
H4 1 8 1
C5 1 8 0
H4 1 8 1
A4 1 8 1
G4 1 8 1
E4 1 8 0
F4 1 2 0